[DEFENCE_RING1]
BORDER_XS = 584.0748222, 334.0657897, 601.9822305, 2232.482633, 2984.979718, 1071.742951
BORDER_YS = 1794.600187, 1265.37912, 372.1485934, 170.9957137, 1003.838006, 1827.146869

[DEFENCE_RING2]
BORDER_XS = 77.49585325, -632.3167627, -215.8151451, 1767.430326, 3714.320671, 4561.37196, 3964.252517, 2921.454731, 430.781232
BORDER_YS = 2947.401094, 1539.05996, -267.6159038, -679.1299207, -311.8736759, 594.2306745, 2022.185545, 2585.638272, 3003.172883
